0.4939994215965271
0.4945403188467026
0.4948598686605692
0.4941501170396805
0.4940599948167801
0.4940225798636675
0.49403041787445545
0.4938828330487013
0.48666199669241905
0.4686170406639576
0.43348805978894234
0.38277927599847317
0.32283790223300457
0.2661941768601537
0.20436830259859562
0.153245585039258
0.11852965131402016
0.08524944400414824
0.05843390244990587
0.043016365030780435
0.03324358712416142
0.024990764213725924
0.018885612924350426
0.01348021425656043
0.012688543924014084
0.010296918611857109
0.008365825466171373
0.008566156146116555
0.008103867337922566
0.006377863366651582
0.006545996395288967
0.0061654340133827645
0.006421954496545368
0.00423663470428437
0.004560999455861747
0.006020347409503302
0.004300857144698966
0.0049905846808542265
0.004251933571140398
0.004023474240966607
0.004322219110690639
0.0041441612629569136
0.003941596649383428
0.003875418558891397
0.003796165185121936
0.0036838673495367402
0.0027623256573861
0.001737224692988093
0.00179696932900697
0.0023191667223727563
0.0025846474309219047
0.0020710870121547487
0.002641770775881014
0.0030059181044634897
0.0022632707714365097
0.0025245971428375924
0.002164337363865343
0.0015131638920138357
0.0022072049432608765
0.0010117853453266434
0.002605138852231903
0.0015124567908060271
0.0019319449311296921
0.0011602665872487705
0.0027082591968792258
0.0011215182294108672
0.0016201729977183277
0.0014950039803807158
0.0014999588129285257
0.001457429738366045
