0.5033071041107178
0.5034233722835779
0.5033214949071407
0.5034318342804909
0.5034692715853453
0.5033903792500496
0.5028178244829178
0.49865973740816116
0.4850399009883404
0.46141874231398106
0.4309839606285095
0.38077679090201855
0.32493037916719913
0.26815798226743937
0.20040768198668957
0.15161663061007857
0.10899836709722877
0.07404717267490923
0.04925993178039789
0.033639628323726356
0.022927209036424756
0.01558447431307286
0.01109617538168095
0.007325276019400917
0.005481969790707808
0.003911690580935101
0.0028962445649085566
0.0030929323365853634
0.002855904748685134
0.0011617143027251586
0.0024627928414702183
0.000916423093258345
0.0016657467604090925
0.0017166402421935345
0.0014172023663832078
0.0009156771652669704
0.0006422289611691667
0.0014281444423431822
0.0009382427053878928
0.0005770517993823887
0.0002853676292033924
0.00045142979979573283
0.00031125349096328137
0.00031011928899715713
0.000522002786738085
0.0007476897915239533
0.00014315618227556115
0.0005007257050237968
0.00033121506908173615
5.341983546713891e-05
0.0008463753545129293
0.00033670613447611686
0.0013016118557516165
0.00048276635220645403
0.00019430568909228896
0.0005424640396540781
0.00011453649312898051
0.0006533811435929238
0.0003450246597367368
0.0005050360707627988
0.00047648627173657587
6.369282550622302e-05
0.00040595852647129504
0.0005077781268028048
5.197315931582125e-05
0.0002277987032357487
0.0004237965413267375
0.0003879824566865864
0.00030103519543445145
0.00041550202877260745
