0.49626713804900646
0.4966412503272295
0.49646644853055477
0.496656795963645
0.4975999388843775
0.49871140345931053
0.4992059916257858
0.4902601931244135
0.46958654560148716
0.4409472718834877
0.3898340370506048
0.3325969986617565
0.2634848663583398
0.20254775043576956
0.1538952123373747
0.12155448459088802
0.0791161002125591
0.05830836948007345
0.03857398603577167
0.02838092704769224
0.01892365625826642
0.013814229343552142
0.009122724004555494
0.008765138074522838
0.005547042044781847
0.004224726180837024
0.0028675362027570372
0.0035376454343349906
0.0035775571795966243
0.0031483050129281764
0.0021912448505645443
0.0024897059356590034
0.0017273286857744097
0.0015385967185466143
0.001411815208484768
0.0011067388031733572
0.0020398552405822556
0.002683570536191837
0.001657428442285891
0.0025104749161073414
0.0008014976247068262
0.0012116173438698752
0.0016449407580694242
0.001408798063039285
0.0014056092486498528
0.0013892861456952232
0.0007999574854693492
0.0016709429010006716
0.00116793624647471
0.0017227878015546594
0.0013791679471069074
0.0007660978749299829
0.0012748228955388186
0.0022165300533742993
0.0010571519119366712
0.0008406841006944887
0.0006126177472651761
0.0011228367034163966
0.001310034512243874
0.0023272901212294528
0.0016126711793731374
0.0008019486458579195
0.001027613654059678
0.0018579378461254237
0.001274151682991942
0.0015503441345572355
0.0013614654003504256
0.0013074006787974213
0.0013594831834780052
0.000978138061327627
