0.49184071086347103
0.4917485285550356
0.49180174618959427
0.4920301903039217
0.4919696170836687
0.4919114410877228
0.49180582351982594
0.4894152209162712
0.4828316941857338
0.4644024521112442
0.4297377746552229
0.38629792258143425
0.3301869314163923
0.260413670912385
0.20248392783105373
0.14986747410148382
0.10805582720786333
0.07768315658904612
0.05658283829689026
0.03454471076838672
0.02209648856660351
0.018536123243393376
0.013676238391781226
0.012535405432572588
0.00767348067893181
0.00667822829564102
0.004993184457816824
0.006481169850303559
0.0038570397555304226
0.0039449159457944916
0.0031131474427184003
0.0018784997314469365
0.0015788356006396498
0.002813213779745638
0.002445227249609161
0.0014150493469742287
0.001652131041055327
0.0016261149310139444
0.0007841777002113304
0.002100876395843443
0.0007271711087923904
0.001405602803970396
0.0017962892704872502
0.0016572392897842292
0.0011811207034497784
0.0005793365266981709
0.0010966514673782513
0.0015194012521533296
0.001503611211774114
0.0010969073041451338
0.0014974671655636485
0.001092119230179378
0.0014073660424855916
0.000490115735829022
0.00032264147705518553
0.0007670733546092379
0.0010973945358045967
0.0007192500455630579
0.000716612245014403
0.0008415510196755349
0.001262128415874031
0.001704162164060108
0.0015460767606327863
0.0006209544415014534
0.0006222464603524713
0.0007617194942213246
0.0011991833810043317
0.00054659356396769
0.0013724366438054858
0.0008592208948812186
