0.4862574618309736
0.48625046759843826
0.48627237416803837
0.48702999018132687
0.48652913235127926
0.4862674791365862
0.4863119665533304
0.4855759497731924
0.47139946185052395
0.4466331470757723
0.4010191075503826
0.3530332576483488
0.29107081331312656
0.24595968052744865
0.18776140548288822
0.14272492518648505
0.10515388892963529
0.07465245551429689
0.05584962829016149
0.03694938123226166
0.021062963758595288
0.01754463108954951
0.012702914740657434
0.00919043252361007
0.007814825745299459
0.007659495753614465
0.005541421236557653
0.002107405919559824
0.002494066933650174
0.002535320662900631
0.003245944431910175
0.0017645509201429377
0.001823373736897338
0.0018275198517585522
0.0016218685095736873
0.0018279753780916508
0.0017573147692928615
0.0011216609541406797
0.0018506854030420072
0.0003995704596491123
0.0023226262419484556
0.001763356431183638
0.0014703263836963743
0.0008215331849896756
0.0011115445504401578
0.0019026444233531947
0.0014471120221060119
0.0016025882141548209
0.0006332749308057828
0.0007139814815673162
0.0011524549013302021
0.0010515402459532197
0.000847632521072228
0.0010931863662335672
0.000567823136861989
0.0010697882980821305
0.0014136826926005597
0.0016072061648628733
0.0011227756199332362
0.0013918873696638911
0.0007681786883040331
0.0006152630112410407
0.0011541354656401381
0.0015500003637498594
0.0016656611896905815
0.0010035718742074096
0.0009228133958458784
0.00022399615318136057
0.0013610387723019812
0.0010991907183779404
