0.5056161601096392
0.505884287878871
0.5057002492249012
0.5056123062968254
0.5055309813469648
0.5055404715240002
0.505599956959486
0.5050979983061552
0.49443317018449306
0.46508108265697956
0.4239212069660425
0.36576551757752895
0.31357529386878014
0.23871377389878035
0.18782058637589216
0.13852413650602102
0.09307730011641979
0.06482543842867017
0.048178368248045444
0.02845838782377541
0.018303597520571202
0.0160049328696914
0.010422054860100616
0.006476446433225647
0.005815438074932899
0.0042311490014981246
0.0034701369349932065
0.0023949137794261333
0.002695496668366104
0.0018920148481811339
0.0023067863567121094
0.0010337859598621435
0.0014860367452911305
0.001219523939425926
0.0012658785135499784
0.0011625182127090739
0.001531604200692982
0.0005470524034194568
0.001047184938954615
0.0012672382634377755
0.0006349998831751691
0.0007373074129475299
0.0009938138331335722
0.0008326354949019787
0.0010290611065784105
0.0007957418176260944
0.00017596494683402852
0.001055500273821508
0.0007111055430755187
0.0007415316646870451
0.00023836388612608062
0.0009229748260395354
0.00038108739357767263
0.00028342782465529126
0.00044655639584334494
0.00030527877413533133
0.0017400127285327471
0.00033724922738542773
0.0007129376789407615
0.0004808629388577401
0.0002865259232294193
0.00036247809303802114
0.00020848193595668363
0.00023069066314462816
0.00024417897918738163
0.0001861837319836468
0.0004466010964705447
0.0007237032912854602
0.00036242557096954897
0.0007354690467025193
